object={
	name="arabic_dynamic_forestry_objects_generator_1_0"
	clamp_to_water_level=no
	render_under_water=no
	generated_content=yes
	layer="forestry_dynamic"
	pdxmesh="arabic_forestry_scatter_01_mesh"
	count=113
	transform="5079.890625 0.000000 1544.135864 0.000000 0.934011 0.000000 0.357244 0.000000 0.000000 0.000000
4890.074219 0.000000 1781.532104 0.000000 0.418457 0.000000 0.908237 1.000000 1.000000 1.000000
4940.978516 0.000000 1808.235962 0.000000 0.262497 0.000000 0.964933 0.000000 0.000000 0.000000
4976.205566 0.000000 2372.318115 0.000000 0.500282 0.000000 0.865863 0.000000 0.000000 0.000000
4986.368164 0.000000 2480.754150 0.000000 0.996430 0.000000 0.084418 0.000000 0.000000 0.000000
4998.215332 0.000000 2477.765869 0.000000 0.877044 0.000000 0.480410 1.000000 1.000000 1.000000
4858.544434 0.000000 2525.735596 0.000000 0.643067 0.000000 0.765810 0.000000 0.000000 0.000000
5032.832520 0.000000 2488.813721 0.000000 0.855577 0.000000 0.517676 0.000000 0.000000 0.000000
5026.900879 0.000000 2485.377197 0.000000 0.980502 0.000000 0.196508 0.000000 0.000000 0.000000
4992.254883 0.000000 2645.422119 0.000000 0.997631 0.000000 0.068797 0.000000 0.000000 0.000000
5058.396484 0.000000 2600.143311 0.000000 0.999854 0.000000 0.017087 0.000000 0.000000 0.000000
5020.793945 0.000000 2657.607422 0.000000 0.967651 0.000000 0.252293 0.000000 0.000000 0.000000
5012.569336 0.000000 2660.152100 0.000000 0.899637 0.000000 0.436639 0.000000 0.000000 0.000000
5818.544434 0.000000 1847.923096 0.000000 0.559262 0.000000 0.828991 0.000000 0.000000 0.000000
5786.979980 0.000000 1905.817139 0.000000 0.262392 0.000000 0.964961 0.000000 0.000000 0.000000
5798.230957 0.000000 1958.997803 0.000000 0.712120 0.000000 0.702058 0.000000 0.000000 0.000000
5804.062988 0.000000 1929.457886 0.000000 0.823684 0.000000 0.567049 1.000000 1.000000 1.000000
5885.248047 0.000000 1966.470825 0.000000 0.234839 0.000000 0.972034 0.000000 0.000000 0.000000
5879.107910 0.000000 1965.670044 0.000000 0.757402 0.000000 0.652949 0.000000 0.000000 0.000000
5897.203613 0.000000 1956.169556 0.000000 0.702566 0.000000 0.711618 0.000000 0.000000 0.000000
5926.230957 0.000000 2015.482178 0.000000 0.938267 0.000000 0.345911 0.000000 0.000000 0.000000
5925.432617 0.000000 1987.980225 0.000000 0.985651 0.000000 0.168798 0.000000 0.000000 0.000000
6017.451172 0.000000 1989.128784 0.000000 0.752626 0.000000 0.658449 0.000000 0.000000 0.000000
5858.900879 0.000000 2089.986572 0.000000 0.192212 0.000000 0.981353 0.000000 0.000000 0.000000
5757.248047 0.000000 2248.892578 0.000000 0.044638 0.000000 0.999003 0.000000 0.000000 0.000000
5793.210449 0.000000 2191.279541 0.000000 0.072005 0.000000 0.997404 0.000000 0.000000 0.000000
5821.248047 0.000000 2192.408203 0.000000 0.932843 0.000000 0.360283 1.000000 1.000000 1.000000
5926.230957 0.000000 2071.966553 0.000000 0.623543 0.000000 0.781789 0.000000 0.000000 0.000000
5993.563477 0.000000 2116.412842 0.000000 0.962711 0.000000 0.270530 0.000000 0.000000 0.000000
6015.487305 0.000000 2120.149658 0.000000 0.267054 0.000000 0.963681 0.000000 0.000000 0.000000
6128.541992 0.000000 2056.022705 0.000000 0.988110 0.000000 0.153752 0.000000 0.000000 0.000000
6057.563477 0.000000 2116.412842 0.000000 0.344546 0.000000 0.938770 0.000000 0.000000 0.000000
6079.958008 0.000000 2110.820801 0.000000 0.083990 0.000000 0.996467 0.000000 0.000000 0.000000
6072.550781 0.000000 2122.781006 0.000000 0.513547 0.000000 0.858061 0.000000 0.000000 0.000000
6066.584961 0.000000 2117.816162 0.000000 0.994346 0.000000 0.106192 0.000000 0.000000 0.000000
6136.065918 0.000000 2115.284424 0.000000 0.232412 0.000000 0.972618 0.000000 0.000000 0.000000
5362.789551 0.000000 2384.431152 0.000000 0.257980 0.000000 0.966150 1.000000 1.000000 1.000000
5498.544434 0.000000 2356.282471 0.000000 0.439829 0.000000 0.898081 0.000000 0.000000 0.000000
5505.318848 0.000000 2411.232178 0.000000 0.969329 0.000000 0.245766 0.000000 0.000000 0.000000
5357.516602 0.000000 2500.045898 0.000000 0.487966 0.000000 0.872863 0.000000 0.000000 0.000000
5286.230957 0.000000 2580.325928 0.000000 0.731314 0.000000 0.682041 0.000000 0.000000 0.000000
5311.958008 0.000000 2562.695801 0.000000 0.652521 0.000000 0.757771 0.000000 0.000000 0.000000
5333.705078 0.000000 2568.664551 0.000000 0.341946 0.000000 0.939719 0.000000 0.000000 0.000000
5338.074219 0.000000 2572.313232 0.000000 0.922624 0.000000 0.385700 1.000000 1.000000 1.000000
5141.705078 0.000000 2681.633301 0.000000 0.899615 0.000000 0.436684 0.000000 0.000000 0.000000
5146.074219 0.000000 2685.281982 0.000000 0.791607 0.000000 0.611031 0.000000 0.000000 0.000000
5309.292480 0.000000 2610.840332 0.000000 0.393144 0.000000 0.919477 0.000000 0.000000 0.000000
5357.516602 0.000000 2613.014648 0.000000 0.970090 0.000000 0.242746 0.000000 0.000000 0.000000
5360.205566 0.000000 2654.739990 0.000000 0.664680 0.000000 0.747128 0.000000 0.000000 0.000000
5319.671387 0.000000 2623.137695 0.000000 0.259023 0.000000 0.965871 0.000000 0.000000 0.000000
5338.122559 0.000000 2609.089600 0.000000 0.695566 0.000000 0.718462 0.000000 0.000000 0.000000
5508.458496 0.000000 2596.262939 0.000000 0.206770 0.000000 0.978390 0.000000 0.000000 0.000000
5414.230957 0.000000 2636.810303 0.000000 0.605285 0.000000 0.796009 0.000000 0.000000 0.000000
5407.826172 0.000000 2606.403564 0.000000 0.954985 0.000000 0.296653 1.000000 1.000000 1.000000
5404.793945 0.000000 2657.607422 0.000000 0.619682 0.000000 0.784853 0.000000 0.000000 0.000000
5417.563477 0.000000 2681.256592 0.000000 0.440669 0.000000 0.897669 0.000000 0.000000 0.000000
5449.400879 0.000000 2670.884766 0.000000 0.141052 0.000000 0.990002 0.000000 0.000000 0.000000
5626.544434 0.000000 2638.704346 0.000000 0.596609 0.000000 0.802532 0.000000 0.000000 0.000000
5577.400879 0.000000 2614.400391 0.000000 0.674032 0.000000 0.738702 0.000000 0.000000 0.000000
5591.890625 0.000000 2617.338867 0.000000 0.947094 0.000000 0.320957 0.000000 0.000000 0.000000
5519.130859 0.000000 2694.137451 0.000000 0.917558 0.000000 0.397601 0.000000 0.000000 0.000000
5551.722656 0.000000 2699.085205 0.000000 0.253257 0.000000 0.967399 0.000000 0.000000 0.000000
5677.516602 0.000000 2500.045898 0.000000 0.968983 0.000000 0.247129 0.000000 0.000000 0.000000
5804.062988 0.000000 2494.301514 0.000000 0.302531 0.000000 0.953140 1.000000 1.000000 1.000000
5882.544434 0.000000 2582.219971 0.000000 0.904631 0.000000 0.426196 0.000000 0.000000 0.000000
5697.451172 0.000000 2610.456787 0.000000 0.308953 0.000000 0.951077 0.000000 0.000000 0.000000
5757.248047 0.000000 2700.767578 0.000000 0.077916 0.000000 0.996960 1.000000 1.000000 1.000000
5828.458496 0.000000 2709.231689 0.000000 0.965567 0.000000 0.260155 0.000000 0.000000 0.000000
5831.979980 0.000000 2696.900879 0.000000 0.919539 0.000000 0.392999 0.000000 0.000000 0.000000
5989.982422 0.000000 2592.058594 0.000000 0.045377 0.000000 0.998970 0.000000 0.000000 0.000000
5910.478027 0.000000 2633.174561 0.000000 0.213834 0.000000 0.976870 0.000000 0.000000 0.000000
5889.017578 0.000000 2624.974365 0.000000 0.951157 0.000000 0.308709 1.000000 1.000000 1.000000
5914.074219 0.000000 2628.797607 0.000000 0.636450 0.000000 0.771318 0.000000 0.000000 0.000000
5953.451172 0.000000 2610.456787 0.000000 0.336693 0.000000 0.941615 0.000000 0.000000 0.000000
5970.127930 0.000000 2611.557373 0.000000 0.263212 0.000000 0.964738 0.000000 0.000000 0.000000
6082.396484 0.000000 2656.627686 0.000000 0.921135 0.000000 0.389244 0.000000 0.000000 0.000000
5101.943359 0.000000 2713.604980 0.000000 0.628007 0.000000 0.778208 1.000000 1.000000 1.000000
5242.807129 0.000000 2717.904541 0.000000 0.376746 0.000000 0.926316 0.000000 0.000000 0.000000
5324.978516 0.000000 2711.986084 0.000000 0.982346 0.000000 0.187074 0.000000 0.000000 0.000000
5352.832520 0.000000 2714.751221 0.000000 0.395516 0.000000 0.918459 0.000000 0.000000 0.000000
5468.793945 0.000000 2714.091797 0.000000 0.863986 0.000000 0.503516 0.000000 0.000000 0.000000
5454.007324 0.000000 2742.140137 0.000000 0.155580 0.000000 0.987823 0.000000 0.000000 0.000000
5377.451172 0.000000 2779.909912 0.000000 0.949877 0.000000 0.312624 0.000000 0.000000 0.000000
5385.400879 0.000000 2783.853516 0.000000 0.440749 0.000000 0.897631 0.000000 0.000000 0.000000
5384.407715 0.000000 2775.546631 0.000000 0.998650 0.000000 0.051937 0.000000 0.000000 0.000000
5522.127930 0.000000 2724.526123 0.000000 0.913164 0.000000 0.407593 0.000000 0.000000 0.000000
5512.407715 0.000000 2719.062256 0.000000 0.501320 0.000000 0.865262 0.000000 0.000000 0.000000
5536.032227 0.000000 2748.187988 0.000000 0.547383 0.000000 0.836882 0.000000 0.000000 0.000000
5569.451172 0.000000 2723.425537 0.000000 0.326185 0.000000 0.945306 0.000000 0.000000 0.000000
5633.318848 0.000000 2750.138428 0.000000 0.572932 0.000000 0.819603 0.000000 0.000000 0.000000
5690.544434 0.000000 2808.157471 0.000000 0.549265 0.000000 0.835648 0.000000 0.000000 0.000000
5700.032715 0.000000 2799.345947 0.000000 0.696619 0.000000 0.717441 0.000000 0.000000 0.000000
5737.260742 0.000000 2811.956543 0.000000 0.982402 0.000000 0.186781 0.000000 0.000000 0.000000
5852.793945 0.000000 2714.091797 0.000000 0.847425 0.000000 0.530915 0.000000 0.000000 0.000000
5844.569336 0.000000 2716.636475 0.000000 0.594844 0.000000 0.803841 0.000000 0.000000 0.000000
5801.385742 0.000000 2800.652588 0.000000 0.279886 0.000000 0.960033 0.000000 0.000000 0.000000
5973.705078 0.000000 2738.117676 0.000000 0.231186 0.000000 0.972910 0.000000 0.000000 0.000000
5946.544434 0.000000 2808.157471 0.000000 0.033976 0.000000 0.999423 0.000000 0.000000 0.000000
5920.032227 0.000000 2804.672363 0.000000 0.729899 0.000000 0.683555 1.000000 1.000000 1.000000
5942.816895 0.000000 2768.985107 0.000000 0.442731 0.000000 0.896654 0.000000 0.000000 0.000000
5953.451172 0.000000 2779.909912 0.000000 0.999207 0.000000 0.039812 0.000000 0.000000 0.000000
6015.958008 0.000000 2788.633301 0.000000 0.865791 0.000000 0.500406 0.000000 0.000000 0.000000
6015.487305 0.000000 2797.962158 0.000000 0.560935 0.000000 0.827860 0.000000 0.000000 0.000000
5993.385742 0.000000 2800.652588 0.000000 0.671706 0.000000 0.740817 1.000000 1.000000 1.000000
6176.032227 0.000000 2070.375488 0.000000 0.809768 0.000000 0.586750 0.000000 0.000000 0.000000
6158.953125 0.000000 2087.409180 0.000000 0.933598 0.000000 0.358323 1.000000 1.000000 1.000000
6144.098633 0.000000 2040.386475 0.000000 0.025899 0.000000 0.999665 1.000000 1.000000 1.000000
6170.122559 0.000000 2100.730225 0.000000 0.998987 0.000000 0.045001 0.000000 0.000000 0.000000
6188.062988 0.000000 2098.910889 0.000000 0.029578 0.000000 0.999563 0.000000 0.000000 0.000000
6239.758301 0.000000 2120.081543 0.000000 0.843331 0.000000 0.537394 0.000000 0.000000 0.000000
6222.007324 0.000000 2120.812012 0.000000 0.448202 0.000000 0.893932 0.000000 0.000000 0.000000
6239.826172 0.000000 2775.856689 0.000000 0.947338 0.000000 0.320237 1.000000 1.000000 1.000000
6310.230957 0.000000 2749.779053 0.000000 0.598509 0.000000 0.801116 0.000000 0.000000 0.000000
"}
object={
	name="arabic_dynamic_forestry_objects_generator_1_1"
	clamp_to_water_level=no
	render_under_water=no
	generated_content=yes
	layer="forestry_dynamic"
	pdxmesh="arabic_forestry_scatter_02_mesh"
	count=109
	transform="5044.365234 0.000000 1507.859985 0.000000 0.899541 0.000000 -0.436836 1.000000 1.000000 1.000000
5087.453613 0.000000 1541.808228 0.000000 0.740851 0.000000 -0.671669 0.000000 0.000000 0.000000
5114.807129 0.000000 1588.217041 0.000000 0.218173 0.000000 -0.975910 0.000000 0.000000 0.000000
5124.458496 0.000000 1579.544067 0.000000 0.791453 0.000000 -0.611230 0.000000 0.000000 0.000000
5844.968750 0.000000 1746.656372 0.000000 0.266549 0.000000 -0.963821 0.000000 0.000000 0.000000
5831.671387 0.000000 1775.872192 0.000000 0.137484 0.000000 -0.990504 0.000000 0.000000 0.000000
5889.451172 0.000000 1763.191284 0.000000 0.859240 0.000000 -0.511573 0.000000 0.000000 0.000000
4807.671387 0.000000 1945.325317 0.000000 0.652659 0.000000 -0.757652 0.000000 0.000000 0.000000
4289.318848 0.000000 2298.263428 0.000000 0.342774 0.000000 -0.939418 0.000000 0.000000 0.000000
4265.260742 0.000000 2360.081543 0.000000 0.907056 0.000000 -0.421010 0.000000 0.000000 0.000000
4801.318848 0.000000 2411.232178 0.000000 0.166157 0.000000 -0.986099 0.000000 0.000000 0.000000
4784.205566 0.000000 2485.286865 0.000000 0.938057 0.000000 -0.346480 0.000000 0.000000 0.000000
4811.959473 0.000000 2477.319092 0.000000 0.668736 0.000000 -0.743500 0.000000 0.000000 0.000000
4943.272949 0.000000 2337.777832 0.000000 0.450158 0.000000 -0.892949 0.000000 0.000000 0.000000
4894.236816 0.000000 2424.873535 0.000000 0.024587 0.000000 -0.999698 0.000000 0.000000 0.000000
4916.365234 0.000000 2411.610107 0.000000 0.111877 0.000000 -0.993722 1.000000 1.000000 1.000000
4942.007324 0.000000 2403.233887 0.000000 0.948158 0.000000 -0.317800 0.000000 0.000000 0.000000
4909.943359 0.000000 2431.183105 0.000000 0.542651 0.000000 -0.839958 1.000000 1.000000 1.000000
4976.541992 0.000000 2451.413330 0.000000 0.929396 0.000000 -0.369085 0.000000 0.000000 0.000000
5012.968750 0.000000 2480.953125 0.000000 0.217969 0.000000 -0.975956 0.000000 0.000000 0.000000
4868.032715 0.000000 2516.924072 0.000000 0.160664 0.000000 -0.987009 0.000000 0.000000 0.000000
5057.451172 0.000000 2610.456787 0.000000 0.682254 0.000000 -0.731115 0.000000 0.000000 0.000000
5084.793945 0.000000 2601.123047 0.000000 0.994774 0.000000 -0.102098 0.000000 0.000000 0.000000
5023.453613 0.000000 2671.495850 0.000000 0.986461 0.000000 -0.163999 0.000000 0.000000 0.000000
5055.958008 0.000000 2675.664551 0.000000 0.527052 0.000000 -0.849833 0.000000 0.000000 0.000000
5096.832520 0.000000 2658.266846 0.000000 0.904433 0.000000 -0.426615 0.000000 0.000000 0.000000
5808.205566 0.000000 1863.958740 0.000000 0.807530 0.000000 -0.589826 0.000000 0.000000 0.000000
5882.544434 0.000000 1847.923096 0.000000 0.249217 0.000000 -0.968448 0.000000 0.000000 0.000000
5862.230957 0.000000 1958.997803 0.000000 0.679901 0.000000 -0.733304 0.000000 0.000000 0.000000
5903.130859 0.000000 1846.871826 0.000000 0.640979 0.000000 -0.767559 0.000000 0.000000 0.000000
5909.705078 0.000000 1890.852051 0.000000 0.999876 0.000000 -0.015766 0.000000 0.000000 0.000000
5902.873047 0.000000 1872.031494 0.000000 0.356418 0.000000 -0.934327 0.000000 0.000000 0.000000
5908.968750 0.000000 1972.593872 0.000000 0.305226 0.000000 -0.952280 0.000000 0.000000 0.000000
5919.826172 0.000000 1985.075562 0.000000 0.819913 0.000000 -0.572488 1.000000 1.000000 1.000000
5911.491699 0.000000 1977.584595 0.000000 0.419433 0.000000 -0.907786 1.000000 1.000000 1.000000
5967.272949 0.000000 1998.871704 0.000000 0.990224 0.000000 -0.139484 0.000000 0.000000 0.000000
5772.978516 0.000000 2034.173462 0.000000 0.800927 0.000000 -0.598761 0.000000 0.000000 0.000000
5845.705078 0.000000 2060.305176 0.000000 0.049974 0.000000 -0.998751 0.000000 0.000000 0.000000
5846.478027 0.000000 2068.330811 0.000000 0.668985 0.000000 -0.743276 0.000000 0.000000 0.000000
5850.074219 0.000000 2063.953857 0.000000 0.284078 0.000000 -0.958801 1.000000 1.000000 1.000000
5885.292480 0.000000 2158.965332 0.000000 0.077047 0.000000 -0.997027 1.000000 1.000000 1.000000
5830.215332 0.000000 2195.343994 0.000000 0.835779 0.000000 -0.549066 1.000000 1.000000 1.000000
5788.793945 0.000000 2205.732422 0.000000 0.840518 0.000000 -0.541784 0.000000 0.000000 0.000000
6010.544434 0.000000 2130.344971 0.000000 0.368601 0.000000 -0.929588 0.000000 0.000000 0.000000
5983.758301 0.000000 2120.081543 0.000000 0.988632 0.000000 -0.150355 0.000000 0.000000 0.000000
6004.365234 0.000000 2129.188232 0.000000 0.120395 0.000000 -0.992726 1.000000 1.000000 1.000000
6136.550781 0.000000 2066.296631 0.000000 0.991171 0.000000 -0.132587 1.000000 1.000000 1.000000
5391.272949 0.000000 2394.262207 0.000000 0.964465 0.000000 -0.264209 0.000000 0.000000 0.000000
5396.089355 0.000000 2417.160645 0.000000 0.723590 0.000000 -0.690229 0.000000 0.000000 0.000000
5370.544434 0.000000 2582.219971 0.000000 0.413894 0.000000 -0.910325 0.000000 0.000000 0.000000
5370.368164 0.000000 2593.722900 0.000000 0.337723 0.000000 -0.941246 0.000000 0.000000 0.000000
5334.478027 0.000000 2576.690186 0.000000 0.012763 0.000000 -0.999919 0.000000 0.000000 0.000000
5132.978516 0.000000 2655.501709 0.000000 0.974015 0.000000 -0.226482 0.000000 0.000000 0.000000
5161.563477 0.000000 2681.256592 0.000000 0.920652 0.000000 -0.390384 0.000000 0.000000 0.000000
5151.826172 0.000000 2662.887939 0.000000 0.996755 0.000000 -0.080499 0.000000 0.000000 0.000000
5164.062988 0.000000 2663.754639 0.000000 0.916951 0.000000 -0.398999 0.000000 0.000000 0.000000
5229.516602 0.000000 2669.499023 0.000000 0.897675 0.000000 -0.440658 0.000000 0.000000 0.000000
5366.816895 0.000000 2599.531982 0.000000 0.955990 0.000000 -0.293398 0.000000 0.000000 0.000000
5377.318848 0.000000 2693.654053 0.000000 0.902496 0.000000 -0.430698 0.000000 0.000000 0.000000
5519.130859 0.000000 2637.653076 0.000000 0.354200 0.000000 -0.935170 0.000000 0.000000 0.000000
5541.982422 0.000000 2648.542969 0.000000 0.974486 0.000000 -0.224449 0.000000 0.000000 0.000000
5594.122559 0.000000 2609.089600 0.000000 0.757407 0.000000 -0.652943 0.000000 0.000000 0.000000
5613.943359 0.000000 2600.636230 0.000000 0.708306 0.000000 -0.705905 1.000000 1.000000 1.000000
5646.953125 0.000000 2482.799805 0.000000 0.788783 0.000000 -0.614672 1.000000 1.000000 1.000000
5795.765137 0.000000 2567.644043 0.000000 0.970170 0.000000 -0.242426 1.000000 1.000000 1.000000
5859.765137 0.000000 2567.644043 0.000000 0.698464 0.000000 -0.715645 0.000000 0.000000 0.000000
5741.516602 0.000000 2669.499023 0.000000 0.122005 0.000000 -0.992530 0.000000 0.000000 0.000000
5805.516602 0.000000 2613.014648 0.000000 0.890393 0.000000 -0.455192 0.000000 0.000000 0.000000
5801.563477 0.000000 2624.772217 0.000000 0.432733 0.000000 -0.901522 0.000000 0.000000 0.000000
5887.487305 0.000000 2628.509033 0.000000 0.971489 0.000000 -0.237085 0.000000 0.000000 0.000000
5861.432617 0.000000 2609.308350 0.000000 0.505801 0.000000 -0.862650 0.000000 0.000000 0.000000
5855.826172 0.000000 2606.403564 0.000000 0.668614 0.000000 -0.743610 0.000000 0.000000 0.000000
5761.451172 0.000000 2666.941162 0.000000 0.987567 0.000000 -0.157198 0.000000 0.000000 0.000000
5939.456055 0.000000 2592.085205 0.000000 0.854714 0.000000 -0.519099 0.000000 0.000000 0.000000
5982.236816 0.000000 2594.326660 0.000000 0.678766 0.000000 -0.734355 0.000000 0.000000 0.000000
5973.705078 0.000000 2625.148926 0.000000 0.350844 0.000000 -0.936434 0.000000 0.000000 0.000000
6023.671387 0.000000 2623.137695 0.000000 0.103708 0.000000 -0.994608 0.000000 0.000000 0.000000
6086.215332 0.000000 2647.218994 0.000000 0.996236 0.000000 -0.086679 1.000000 1.000000 1.000000
6081.451172 0.000000 2666.941162 0.000000 0.418459 0.000000 -0.908236 0.000000 0.000000 0.000000
5313.451172 0.000000 2779.909912 0.000000 0.897915 0.000000 -0.440169 0.000000 0.000000 0.000000
5370.544434 0.000000 2808.157471 0.000000 0.936849 0.000000 -0.349733 0.000000 0.000000 0.000000
5485.516602 0.000000 2725.983398 0.000000 0.117165 0.000000 -0.993113 0.000000 0.000000 0.000000
5498.544434 0.000000 2751.673096 0.000000 0.554290 0.000000 -0.832324 0.000000 0.000000 0.000000
5478.230957 0.000000 2749.779053 0.000000 0.884758 0.000000 -0.466051 0.000000 0.000000 0.000000
5503.487305 0.000000 2741.477783 0.000000 0.886720 0.000000 -0.462307 0.000000 0.000000 0.000000
5447.979980 0.000000 2753.385254 0.000000 0.974166 0.000000 -0.225832 0.000000 0.000000 0.000000
5377.318848 0.000000 2806.622803 0.000000 0.073217 0.000000 -0.997316 0.000000 0.000000 0.000000
5402.074219 0.000000 2798.250732 0.000000 0.322747 0.000000 -0.946485 1.000000 1.000000 1.000000
5505.318848 0.000000 2750.138428 0.000000 0.982179 0.000000 -0.187946 0.000000 0.000000 0.000000
5552.205566 0.000000 2767.708740 0.000000 0.401525 0.000000 -0.915848 0.000000 0.000000 0.000000
5545.260742 0.000000 2755.472168 0.000000 0.583922 0.000000 -0.811810 0.000000 0.000000 0.000000
5549.516602 0.000000 2782.467773 0.000000 0.138058 0.000000 -0.990424 0.000000 0.000000 0.000000
5565.292480 0.000000 2780.293457 0.000000 0.881530 0.000000 -0.472129 1.000000 1.000000 1.000000
5549.943359 0.000000 2770.089355 0.000000 0.463799 0.000000 -0.885941 1.000000 1.000000 1.000000
5652.968750 0.000000 2763.375000 0.000000 0.933290 0.000000 -0.359123 0.000000 0.000000 0.000000
5740.062988 0.000000 2720.239014 0.000000 0.308154 0.000000 -0.951336 1.000000 1.000000 1.000000
5775.272949 0.000000 2733.168457 0.000000 0.282683 0.000000 -0.959213 0.000000 0.000000 0.000000
5940.365234 0.000000 2807.000732 0.000000 0.302693 0.000000 -0.953088 1.000000 1.000000 1.000000
5949.292480 0.000000 2780.293457 0.000000 0.621495 0.000000 -0.783418 0.000000 0.000000 0.000000
5984.032227 0.000000 2804.672363 0.000000 0.735042 0.000000 -0.678022 1.000000 1.000000 1.000000
6004.365234 0.000000 2807.000732 0.000000 0.928024 0.000000 -0.372521 1.000000 1.000000 1.000000
6209.318848 0.000000 2015.841553 0.000000 0.390824 0.000000 -0.920466 0.000000 0.000000 0.000000
6165.705078 0.000000 2060.305176 0.000000 0.912220 0.000000 -0.409701 0.000000 0.000000 0.000000
6185.385742 0.000000 2066.355713 0.000000 0.729755 0.000000 -0.683708 1.000000 1.000000 1.000000
6165.705078 0.000000 2116.789551 0.000000 0.678156 0.000000 -0.734918 0.000000 0.000000 0.000000
6167.491699 0.000000 2090.553467 0.000000 0.263409 0.000000 -0.964684 1.000000 1.000000 1.000000
6189.943359 0.000000 2092.276855 0.000000 0.983540 0.000000 -0.180688 1.000000 1.000000 1.000000
6148.032715 0.000000 2686.377197 0.000000 0.564201 0.000000 -0.825637 0.000000 0.000000 0.000000
6328.550781 0.000000 2744.109131 0.000000 0.828419 0.000000 -0.560108 0.000000 0.000000 0.000000
"}
